14.199068171064866
-46.77874583135301
-17.095844688404284
50.45038617702684
-59.46235002924797
-42.69968976392396
-33.3901488843328
39.12824072834488
53.32697683634561
-71.28057934869108
-54.32282563034577
-61.789573524980604
-46.15773220833286
-88.95056452087618
30.572694135165165
-68.6759935546089
-8.76756548358479
-17.070691062636072
71.4906674676997
-21.02512499365264
-72.97236042701283
-51.28921323981565
85.22359113452191
40.33711540528441
44.77794223687516
-84.04039283471201
89.86919261043388
39.90126538085809
-83.09114583911894
-7.911224620375421
0.23072347987012165
31.965801367520243
81.6441862758455
-82.5874301523843
-72.47107800677003
75.56777939925331
-31.595597198044686
64.25479881663566
23.275813517754813
-91.90800329293496
35.32171218438154
86.11749149212497
44.734201275154106
-84.56475100692583
51.950125746405746
8.187846796674592
1.5138914350019377
53.08106474256192
69.19527108277904
61.92600399345437
