-91.90800329293496
-88.95056452087618
-84.56475100692583
-84.04039283471201
-83.09114583911894
-82.5874301523843
-72.97236042701283
-72.47107800677003
-71.28057934869108
-68.6759935546089
-61.789573524980604
-59.46235002924797
-54.32282563034577
-51.28921323981565
-46.77874583135301
-46.15773220833286
-42.69968976392396
-33.3901488843328
-31.595597198044686
-21.02512499365264
-17.095844688404284
-17.070691062636072
-8.76756548358479
-7.911224620375421
0.23072347987012165
1.5138914350019377
5
8.187846796674592
14.199068171064866
23.275813517754813
30.572694135165165
31.965801367520243
35.32171218438154
39.12824072834488
39.90126538085809
40.33711540528441
44.734201275154106
44.77794223687516
50.45038617702684
51.950125746405746
53.08106474256192
53.32697683634561
61.92600399345437
64.25479881663566
69.19527108277904
71.4906674676997
75.56777939925331
81.6441862758455
85.22359113452191
86.11749149212497
89.86919261043388
